# Reference scales for LF

Tref     = 300.0
tRef     = 1.1375e-5 #time
LRef     = 0.003175 *10**3 #length reg


# Reference scales for HF

Tref     = 300.0
tRef = 4.477124e-6
LRef = 0.00125 *10**3
